file 3
15405
31552
15405
31552
15405
31552
15405
31552
15405
31552
15405
31552
15405
31552
15405
31552
15405
31552
15405
31552
15405
31552
15405
31552
15405
31552
15405
31552
15405
31552
15405
31552
15405
31552
15405
31552
15405
31552
15405
31552
15405
31552
15405
31552
15405
31552
15405
31552
15405
31552
15405
31552
15405
31552
15405
31552
15405
31552
15405
31552
15405
31552
15405
31552
15405
31552
15405
31552
15405
31552
15405
31552
15405
31552
15405
31552
15405
31552
15405
31552
15405
31552
15405
31552
15405
31552
15405
31552
15405
31552
15405
31552
15405
31552
15405
31552
15405
31552
15405
31552
15405
31552
15405
31552
15405
31552
15405
31552
15405
31552
15405
31552
15405
31552
15405
31552
15405
31552
15405
31552
15405
31552
15405
31552
15405
31552
15405
31552
15405
31552
15405
31552
15405
31552
