file 8
30179
6705
30179
6705
30179
6705
30179
6705
30179
6705
30179
6705
30179
6705
30179
6705
30179
6705
30179
6705
30179
6705
30179
6705
30179
6705
30179
6705
30179
6705
30179
6705
30179
6705
30179
6705
30179
6705
30179
6705
30179
6705
30179
6705
30179
6705
30179
6705
30179
6705
30179
6705
30179
6705
30179
6705
30179
6705
30179
6705
30179
6705
30179
6705
30179
6705
30179
6705
30179
6705
30179
6705
30179
6705
30179
6705
30179
6705
30179
6705
30179
6705
30179
6705
30179
6705
30179
6705
30179
6705
30179
6705
30179
6705
30179
6705
30179
6705
30179
6705
30179
6705
30179
6705
30179
6705
30179
6705
30179
6705
30179
6705
30179
6705
30179
6705
30179
6705
30179
6705
30179
6705
30179
6705
30179
6705
30179
6705
30179
6705
30179
6705
30179
6705
30179
6705
30179
6705
30179
6705
30179
6705
30179
6705
30179
6705
30179
6705
30179
6705
30179
6705
30179
6705
30179
6705
30179
6705
30179
6705
30179
6705
30179
6705
30179
6705
30179
6705
30179
6705
30179
6705
30179
6705
30179
6705
30179
6705
30179
6705
30179
6705
30179
6705
30179
6705
30179
6705
30179
6705
30179
6705
30179
6705
30179
6705
