file 2
25926
7313
25926
7313
25926
7313
25926
7313
25926
7313
25926
7313
25926
7313
25926
7313
25926
7313
25926
7313
25926
7313
25926
7313
25926
7313
25926
7313
25926
7313
25926
7313
25926
7313
25926
7313
25926
7313
25926
7313
25926
7313
25926
7313
25926
7313
25926
7313
25926
7313
25926
7313
25926
7313
25926
7313
25926
7313
25926
7313
25926
7313
25926
7313
25926
7313
25926
7313
25926
7313
25926
7313
25926
7313
25926
7313
25926
7313
25926
7313
25926
7313
25926
7313
25926
7313
25926
7313
25926
7313
25926
7313
25926
7313
25926
7313
25926
7313
