file 6
16018
1352
16018
1352
16018
1352
16018
1352
16018
1352
16018
1352
16018
1352
16018
1352
16018
1352
16018
1352
16018
1352
16018
1352
16018
1352
16018
1352
16018
1352
16018
1352
16018
1352
16018
1352
16018
1352
16018
1352
16018
1352
16018
1352
16018
1352
16018
1352
16018
1352
16018
1352
16018
1352
16018
1352
16018
1352
16018
1352
16018
1352
16018
1352
16018
1352
16018
1352
16018
1352
16018
1352
16018
1352
16018
1352
16018
1352
16018
1352
16018
1352
16018
1352
16018
1352
16018
1352
16018
1352
16018
1352
16018
1352
16018
1352
16018
1352
16018
1352
16018
1352
16018
1352
16018
1352
16018
1352
16018
1352
16018
1352
16018
1352
16018
1352
16018
1352
16018
1352
16018
1352
16018
1352
16018
1352
16018
1352
16018
1352
16018
1352
16018
1352
16018
1352
16018
1352
16018
1352
16018
1352
16018
1352
16018
1352
16018
1352
16018
1352
16018
1352
