file 7
2379
4354
2379
4354
2379
4354
2379
4354
2379
4354
2379
4354
2379
4354
2379
4354
2379
4354
2379
4354
2379
4354
2379
4354
2379
4354
2379
4354
2379
4354
2379
4354
2379
4354
2379
4354
2379
4354
2379
4354
2379
4354
2379
4354
2379
4354
2379
4354
2379
4354
2379
4354
2379
4354
2379
4354
2379
4354
2379
4354
2379
4354
2379
4354
2379
4354
2379
4354
2379
4354
2379
4354
2379
4354
2379
4354
2379
4354
2379
4354
2379
4354
2379
4354
2379
4354
2379
4354
2379
4354
2379
4354
2379
4354
2379
4354
2379
4354
2379
4354
2379
4354
2379
4354
2379
4354
2379
4354
2379
4354
2379
4354
2379
4354
2379
4354
2379
4354
2379
4354
2379
4354
2379
4354
2379
4354
2379
4354
2379
4354
2379
4354
2379
4354
2379
4354
2379
4354
2379
4354
2379
4354
2379
4354
2379
4354
2379
4354
2379
4354
2379
4354
2379
4354
2379
4354
2379
4354
2379
4354
2379
4354
2379
4354
2379
4354
2379
4354
2379
4354
2379
4354
2379
4354
2379
4354
2379
4354
2379
4354
2379
4354
2379
4354
2379
4354
2379
4354
