file 9
25212
7644
25212
7644
25212
7644
25212
7644
25212
7644
25212
7644
25212
7644
25212
7644
25212
7644
25212
7644
25212
7644
25212
7644
25212
7644
25212
7644
25212
7644
25212
7644
25212
7644
25212
7644
25212
7644
25212
7644
25212
7644
25212
7644
25212
7644
25212
7644
25212
7644
25212
7644
25212
7644
25212
7644
25212
7644
25212
7644
25212
7644
25212
7644
25212
7644
25212
7644
25212
7644
25212
7644
25212
7644
25212
7644
25212
7644
25212
7644
25212
7644
25212
7644
25212
7644
25212
7644
25212
7644
25212
7644
25212
7644
25212
7644
25212
7644
