file 10
6046
30306
6046
30306
6046
30306
6046
30306
6046
30306
6046
30306
6046
30306
6046
30306
6046
30306
6046
30306
6046
30306
6046
30306
6046
30306
6046
30306
6046
30306
6046
30306
6046
30306
6046
30306
6046
30306
6046
30306
6046
30306
6046
30306
6046
30306
6046
30306
6046
30306
6046
30306
6046
30306
6046
30306
6046
30306
6046
30306
6046
30306
6046
30306
6046
30306
6046
30306
6046
30306
6046
30306
6046
30306
6046
30306
6046
30306
6046
30306
6046
30306
6046
30306
6046
30306
6046
30306
6046
30306
6046
30306
6046
30306
6046
30306
6046
30306
6046
30306
6046
30306
6046
30306
6046
30306
6046
30306
6046
30306
6046
30306
6046
30306
6046
30306
6046
30306
6046
30306
6046
30306
6046
30306
6046
30306
6046
30306
6046
30306
6046
30306
6046
30306
6046
30306
6046
30306
6046
30306
6046
30306
6046
30306
6046
30306
6046
30306
6046
30306
